Export Date and Time,2026-03-17,13:09:38
CAP Name and Version,AutoStrainCap2,2.2.1.586242
Study ID,31329805
Study UID,1.2.826.0.1.3680043.2.97.1.1.3540193907.2010061518531450
Study Date and Time,2020-10-06,15:47:59


Results LvApical
==========================================================
Global
----------------------------------------------------------
GLS Endo Peak Avg,-18.55,%
GLS Endo Peak A4C,-18.78,%
GLS Endo Peak A2C,-17.85,%
GLS Endo Peak A3C,-19.01,%
GLS Mid Peak Avg,-15.26,%
GLS Mid Peak A4C,-15.84,%
GLS Mid Peak A2C,-14.69,%
GLS Mid Peak A3C,-15.27,%
Diastolic Major Axis A4C,76.47,mm
Systolic Major Axis A4C,62.90,mm
Diastolic Major Axis A2C,81.86,mm
Systolic Major Axis A2C,69.86,mm
ED,0.00,ms
ES,413.67,ms

Results LvApical
==========================================================
Longitudinal Strain Endo
T2P
Minimum
----------------------------------------------------------
Segment 0 [mean],391.77,ms
----------------------------------------------------------
Segment 1 [ant],448.68,ms
Segment 2 [ant/sept],414.96,ms
Segment 3 [inf/sept],452.57,ms
Segment 4 [inf],461.65,ms
Segment 5 [inf/lat],414.96,ms
Segment 6 [ant/lat],431.82,ms
----------------------------------------------------------
Segment 7 [ant],366.98,ms
Segment 8 [ant/sept],326.78,ms
Segment 9 [inf/sept],348.83,ms
Segment 10 [inf],447.38,ms
Segment 11 [inf/lat],347.53,ms
Segment 12 [ant/lat],456.46,ms
----------------------------------------------------------
Segment 13 [ant],350.13,ms
Segment 14 [ant/sept],337.16,ms
Segment 15 [inf/sept],373.47,ms
Segment 16 [inf],360.50,ms
Segment 17 [inf/lat],333.27,ms
Segment 18 [ant/lat],378.65,ms
----------------------------------------------------------


Results LvApical
==========================================================
Longitudinal Strain Mid
T2P
Minimum
----------------------------------------------------------
Segment 0 [mean],395.30,ms
----------------------------------------------------------
Segment 1 [ant],447.38,ms
Segment 2 [ant/sept],416.26,ms
Segment 3 [inf/sept],453.87,ms
Segment 4 [inf],462.94,ms
Segment 5 [inf/lat],416.26,ms
Segment 6 [ant/lat],430.52,ms
----------------------------------------------------------
Segment 7 [ant],355.31,ms
Segment 8 [ant/sept],324.19,ms
Segment 9 [inf/sept],347.53,ms
Segment 10 [inf],448.68,ms
Segment 11 [inf/lat],347.53,ms
Segment 12 [ant/lat],457.76,ms
----------------------------------------------------------
Segment 13 [ant],350.13,ms
Segment 14 [ant/sept],370.87,ms
Segment 15 [inf/sept],368.28,ms
Segment 16 [inf],400.70,ms
Segment 17 [inf/lat],333.27,ms
Segment 18 [ant/lat],383.84,ms
----------------------------------------------------------


Results LvApical
==========================================================
Longitudinal Strain Endo
End-systolic

----------------------------------------------------------
Segment 0 [mean],-18.22,%
----------------------------------------------------------
Segment 1 [ant],-19.63,%
Segment 2 [ant/sept],-14.03,%
Segment 3 [inf/sept],-18.97,%
Segment 4 [inf],-16.98,%
Segment 5 [inf/lat],-23.80,%
Segment 6 [ant/lat],-17.39,%
----------------------------------------------------------
Segment 7 [ant],-14.62,%
Segment 8 [ant/sept],-16.57,%
Segment 9 [inf/sept],-15.73,%
Segment 10 [inf],-14.55,%
Segment 11 [inf/lat],-16.54,%
Segment 12 [ant/lat],-17.73,%
----------------------------------------------------------
Segment 13 [ant],-16.52,%
Segment 14 [ant/sept],-21.24,%
Segment 15 [inf/sept],-18.02,%
Segment 16 [inf],-21.12,%
Segment 17 [inf/lat],-20.21,%
Segment 18 [ant/lat],-24.40,%
----------------------------------------------------------


Results LvApical
==========================================================
Longitudinal Strain Mid
End-systolic

----------------------------------------------------------
Segment 0 [mean],-14.90,%
----------------------------------------------------------
Segment 1 [ant],-17.44,%
Segment 2 [ant/sept],-10.45,%
Segment 3 [inf/sept],-16.46,%
Segment 4 [inf],-14.34,%
Segment 5 [inf/lat],-22.35,%
Segment 6 [ant/lat],-16.34,%
----------------------------------------------------------
Segment 7 [ant],-11.56,%
Segment 8 [ant/sept],-11.83,%
Segment 9 [inf/sept],-13.07,%
Segment 10 [inf],-10.67,%
Segment 11 [inf/lat],-13.94,%
Segment 12 [ant/lat],-15.18,%
----------------------------------------------------------
Segment 13 [ant],-13.51,%
Segment 14 [ant/sept],-14.05,%
Segment 15 [inf/sept],-12.82,%
Segment 16 [inf],-17.10,%
Segment 17 [inf/lat],-16.47,%
Segment 18 [ant/lat],-20.57,%
----------------------------------------------------------


Results LvApical
==========================================================
Longitudinal Strain Endo
Peak-systolic

----------------------------------------------------------
Segment 0 [mean],-18.96,%
----------------------------------------------------------
Segment 1 [ant],-19.63,%
Segment 2 [ant/sept],-14.03,%
Segment 3 [inf/sept],-18.97,%
Segment 4 [inf],-16.98,%
Segment 5 [inf/lat],-23.80,%
Segment 6 [ant/lat],-17.39,%
----------------------------------------------------------
Segment 7 [ant],-15.12,%
Segment 8 [ant/sept],-18.93,%
Segment 9 [inf/sept],-17.70,%
Segment 10 [inf],-14.55,%
Segment 11 [inf/lat],-17.48,%
Segment 12 [ant/lat],-17.95,%
----------------------------------------------------------
Segment 13 [ant],-17.25,%
Segment 14 [ant/sept],-22.13,%
Segment 15 [inf/sept],-19.09,%
Segment 16 [inf],-21.34,%
Segment 17 [inf/lat],-23.92,%
Segment 18 [ant/lat],-24.98,%
----------------------------------------------------------


Results LvApical
==========================================================
Longitudinal Strain Mid
Peak-systolic

----------------------------------------------------------
Segment 0 [mean],-15.64,%
----------------------------------------------------------
Segment 1 [ant],-17.44,%
Segment 2 [ant/sept],-10.45,%
Segment 3 [inf/sept],-16.46,%
Segment 4 [inf],-14.34,%
Segment 5 [inf/lat],-22.35,%
Segment 6 [ant/lat],-16.34,%
----------------------------------------------------------
Segment 7 [ant],-12.40,%
Segment 8 [ant/sept],-14.36,%
Segment 9 [inf/sept],-15.35,%
Segment 10 [inf],-10.67,%
Segment 11 [inf/lat],-14.76,%
Segment 12 [ant/lat],-15.41,%
----------------------------------------------------------
Segment 13 [ant],-14.23,%
Segment 14 [ant/sept],-14.84,%
Segment 15 [inf/sept],-13.99,%
Segment 16 [inf],-17.28,%
Segment 17 [inf/lat],-20.02,%
Segment 18 [ant/lat],-20.89,%
----------------------------------------------------------


Curves LvApical
==========================================================
Longitudinal Strain Endo
Unit [%]
Time [ms],0.00,12.97,25.94,38.90,51.87,64.84,77.81,90.77,103.74,116.71,129.68,142.64,155.61,168.58,181.55,194.51,207.48,220.45,233.42,246.38,259.35,272.32,285.29,298.25,311.22,324.19,337.16,350.13,363.09,376.06,389.03,402.00,414.96,427.93,440.90,453.87,466.83,479.80,492.77,505.74,518.70,531.67,544.64,557.61,570.57,583.54,596.51,609.48,622.45,635.41,648.38,661.35,674.32,687.28,700.25,713.22,726.19,739.15,752.12,765.09,778.06,
Total,0.00,0.00,0.44,0.38,-0.08,-0.51,-0.94,-1.63,-2.52,-3.49,-4.48,-5.50,-6.54,-7.55,-8.53,-9.50,-10.47,-11.42,-12.35,-13.16,-13.97,-14.71,-15.47,-16.12,-16.73,-17.25,-17.61,-17.81,-17.91,-17.97,-18.07,-18.23,-18.33,-18.15,-17.85,-17.18,-16.17,-14.84,-13.44,-12.06,-10.75,-9.62,-8.64,-7.91,-7.39,-7.11,-6.97,-6.92,-6.89,-6.88,-6.84,-6.81,-6.77,-6.64,-6.39,-5.97,-5.31,-4.33,-3.03,-1.63,-0.43,
Segment 1,0.00,0.01,0.85,0.34,-0.77,-1.36,-1.86,-2.55,-3.38,-4.35,-5.24,-6.05,-6.87,-7.66,-8.51,-9.36,-10.11,-10.75,-11.26,-11.74,-12.58,-13.40,-13.83,-14.17,-14.81,-15.37,-15.62,-15.64,-16.08,-16.75,-17.57,-18.62,-19.74,-20.82,-21.57,-21.65,-21.31,-20.61,-19.57,-18.13,-16.85,-16.35,-15.84,-14.86,-13.76,-13.16,-12.93,-12.65,-12.40,-12.21,-12.03,-11.88,-11.58,-10.94,-10.00,-8.77,-7.32,-5.77,-4.18,-2.64,-0.95,
Segment 2,0.00,1.42,3.21,4.77,5.25,5.05,4.39,3.14,1.68,-0.00,-1.55,-3.17,-4.77,-6.32,-7.71,-8.77,-9.21,-9.45,-9.59,-10.13,-10.71,-11.30,-11.79,-12.11,-12.40,-12.60,-12.85,-12.87,-12.95,-12.88,-13.36,-13.53,-14.04,-13.61,-13.43,-12.54,-12.17,-11.78,-11.85,-11.58,-11.12,-10.25,-9.28,-8.44,-7.62,-7.03,-6.82,-6.81,-6.81,-6.50,-6.15,-5.83,-5.84,-5.82,-5.61,-5.01,-4.11,-3.02,-1.96,-0.99,-0.33,
Segment 3,0.00,-0.45,-1.44,-3.04,-4.90,-6.31,-7.16,-7.80,-8.41,-9.02,-9.57,-10.05,-10.52,-10.99,-11.72,-12.66,-13.62,-14.46,-15.02,-15.15,-15.12,-15.23,-15.38,-15.73,-16.10,-16.31,-16.38,-16.50,-16.78,-17.23,-17.96,-18.68,-18.99,-19.27,-19.78,-20.08,-19.47,-17.97,-16.31,-15.01,-14.00,-13.58,-13.03,-12.14,-11.04,-10.15,-9.58,-9.28,-9.26,-9.47,-9.81,-10.20,-10.31,-10.12,-9.40,-8.24,-6.96,-5.62,-3.97,-2.01,-0.37,
Segment 4,0.00,-0.43,0.58,2.38,4.00,4.34,4.07,3.64,3.22,2.73,2.08,1.04,-0.43,-2.02,-3.46,-4.54,-5.23,-6.01,-7.15,-8.51,-10.05,-11.31,-12.33,-12.97,-13.77,-14.41,-14.72,-14.78,-15.15,-15.39,-15.88,-16.42,-17.06,-18.02,-18.84,-19.80,-19.89,-18.57,-16.72,-14.34,-12.34,-12.05,-12.29,-12.43,-12.31,-11.92,-11.40,-10.84,-10.21,-9.37,-8.46,-8.00,-7.95,-7.76,-7.30,-6.95,-6.82,-6.36,-5.11,-3.40,-1.25,
Segment 5,0.00,0.80,3.11,4.93,4.77,3.33,1.80,0.41,-0.57,-1.77,-3.09,-4.84,-6.56,-8.54,-10.25,-11.53,-12.30,-12.47,-13.09,-13.03,-13.81,-13.88,-14.95,-15.39,-15.90,-16.40,-16.69,-17.38,-18.25,-19.72,-21.14,-22.82,-23.81,-22.71,-20.59,-16.35,-12.45,-8.60,-5.90,-3.84,-2.72,-2.35,-2.24,-2.80,-3.41,-4.16,-5.01,-5.63,-6.07,-5.99,-5.74,-5.37,-5.22,-5.17,-5.36,-5.71,-5.94,-5.43,-4.11,-2.25,-0.82,
Segment 6,0.00,0.29,0.68,0.31,-0.32,-0.75,-1.03,-1.25,-1.30,-1.39,-1.34,-1.38,-2.34,-3.41,-4.26,-5.08,-6.10,-7.37,-8.69,-9.75,-10.67,-11.47,-12.27,-13.11,-13.89,-14.63,-15.10,-15.20,-15.15,-15.24,-15.80,-16.45,-17.49,-18.05,-17.88,-16.99,-15.47,-13.56,-11.71,-10.27,-8.90,-7.53,-6.55,-6.85,-7.70,-8.16,-8.15,-7.80,-7.18,-6.61,-6.42,-6.35,-6.35,-6.38,-6.48,-6.29,-5.13,-3.25,-1.49,-0.31,0.24,
Segment 7,0.00,-0.43,0.55,0.55,0.23,0.33,0.49,-0.00,-0.94,-1.81,-2.55,-3.34,-4.28,-5.27,-6.27,-7.23,-8.09,-8.88,-9.64,-10.35,-11.07,-11.79,-12.51,-13.20,-13.85,-14.42,-14.80,-15.04,-15.12,-15.09,-14.92,-14.69,-14.62,-14.75,-14.93,-15.06,-14.85,-14.15,-13.27,-12.46,-11.69,-10.99,-10.38,-9.92,-9.50,-9.07,-8.71,-8.50,-8.39,-8.25,-8.12,-8.16,-8.26,-8.14,-7.65,-6.81,-5.70,-4.48,-3.37,-2.12,-0.66,
Segment 8,0.00,-0.14,-0.71,-1.36,-1.93,-2.44,-3.19,-4.06,-5.15,-6.08,-7.15,-8.09,-9.11,-10.12,-11.15,-12.10,-13.04,-13.89,-14.74,-15.59,-16.43,-17.23,-17.87,-18.40,-18.72,-18.92,-18.87,-18.69,-18.13,-17.58,-16.98,-16.81,-16.55,-16.40,-15.93,-15.43,-14.53,-13.40,-12.02,-10.76,-9.79,-9.06,-8.46,-8.17,-8.03,-7.94,-7.80,-7.67,-7.68,-7.87,-8.12,-8.30,-8.39,-8.33,-8.18,-7.93,-7.44,-6.43,-4.68,-2.59,-0.84,
Segment 9,0.00,0.40,0.62,0.06,-0.80,-1.20,-1.16,-1.40,-2.25,-3.36,-4.57,-5.79,-6.84,-7.82,-8.79,-9.76,-10.68,-11.55,-12.43,-13.35,-14.22,-15.03,-15.74,-16.31,-16.74,-17.19,-17.58,-17.70,-17.53,-17.19,-16.77,-16.23,-15.68,-15.16,-14.92,-14.76,-14.41,-13.78,-12.99,-12.14,-11.23,-10.37,-9.50,-8.41,-7.46,-7.05,-7.07,-7.18,-7.22,-7.24,-7.21,-7.20,-7.26,-7.16,-6.63,-5.70,-4.37,-2.78,-1.38,-0.50,-0.01,
Segment 10,0.00,0.07,1.09,0.76,0.01,-0.02,0.17,-0.17,-0.88,-1.33,-1.57,-2.00,-2.73,-3.70,-4.86,-5.97,-6.96,-7.88,-8.93,-9.79,-10.25,-10.57,-11.03,-11.50,-12.00,-12.50,-13.00,-13.45,-13.75,-13.90,-14.05,-14.24,-14.59,-15.09,-15.40,-15.39,-14.89,-13.92,-12.41,-10.55,-9.20,-9.05,-9.21,-8.73,-8.11,-7.79,-7.65,-7.75,-7.84,-7.67,-7.30,-6.92,-6.57,-6.27,-6.00,-5.70,-5.29,-4.61,-3.64,-2.30,-0.78,
Segment 11,0.00,-0.52,-1.41,-2.01,-2.39,-2.62,-3.10,-3.99,-5.12,-6.26,-7.45,-8.38,-8.98,-8.79,-8.45,-8.26,-8.85,-9.66,-10.47,-11.38,-12.25,-13.19,-14.33,-15.45,-16.38,-17.02,-17.34,-17.47,-17.12,-16.81,-16.47,-16.66,-16.49,-15.63,-14.57,-13.01,-11.28,-10.19,-9.36,-8.86,-8.11,-7.57,-7.23,-7.42,-7.59,-7.53,-6.53,-5.35,-4.25,-4.13,-4.31,-4.58,-4.66,-4.65,-4.71,-4.83,-4.80,-4.28,-2.99,-1.47,-0.30,
Segment 12,0.00,0.11,0.01,-0.81,-1.88,-2.42,-2.46,-2.76,-3.68,-4.81,-5.84,-6.82,-7.65,-8.44,-9.26,-10.06,-10.83,-11.58,-12.22,-12.81,-13.45,-14.25,-15.02,-15.65,-16.10,-16.58,-17.06,-17.44,-17.73,-17.93,-17.93,-17.84,-17.71,-17.58,-18.30,-19.05,-18.72,-17.34,-15.75,-14.45,-13.14,-11.44,-9.92,-8.88,-8.15,-7.54,-7.07,-6.84,-6.87,-6.96,-6.96,-6.97,-6.99,-6.94,-6.67,-6.16,-5.56,-4.76,-3.41,-1.53,-0.13,
Segment 13,0.00,-0.64,-0.02,-0.02,-0.39,-0.65,-0.93,-1.55,-2.46,-3.39,-4.31,-5.24,-6.14,-7.01,-7.84,-8.67,-9.52,-10.40,-11.25,-12.15,-13.08,-13.97,-14.69,-15.36,-16.08,-16.69,-17.11,-17.25,-17.11,-16.80,-16.60,-16.54,-16.51,-16.46,-16.37,-16.17,-15.71,-15.00,-14.17,-13.43,-12.39,-10.67,-8.88,-7.50,-6.62,-6.10,-5.85,-5.71,-5.57,-5.41,-5.24,-5.10,-5.02,-4.90,-4.64,-4.11,-3.25,-2.30,-1.42,-0.52,0.20,
Segment 14,0.00,0.04,0.05,-0.17,-0.54,-1.11,-1.88,-2.85,-4.01,-5.28,-6.91,-8.62,-10.33,-11.82,-13.21,-14.47,-15.53,-16.47,-17.41,-18.36,-19.29,-20.11,-20.83,-21.39,-21.81,-22.04,-22.13,-22.05,-21.93,-21.72,-21.52,-21.41,-21.21,-20.75,-19.96,-18.79,-17.31,-15.55,-13.64,-11.60,-9.53,-7.68,-6.31,-5.46,-5.05,-4.91,-4.95,-5.06,-5.16,-5.25,-5.32,-5.40,-5.43,-5.45,-5.40,-5.22,-4.82,-4.16,-3.04,-1.78,-0.57,
Segment 15,0.00,0.10,0.19,-0.11,-0.55,-0.86,-1.07,-1.39,-1.92,-2.59,-3.49,-4.44,-5.14,-5.83,-6.66,-7.66,-8.83,-10.08,-11.21,-12.15,-13.02,-14.01,-15.02,-15.82,-16.52,-17.27,-18.00,-18.59,-18.99,-19.08,-18.82,-18.39,-17.97,-17.49,-16.79,-16.00,-15.17,-14.29,-13.34,-12.23,-10.88,-9.24,-7.38,-5.35,-3.70,-2.99,-3.08,-3.42,-3.71,-4.02,-4.40,-4.68,-4.87,-4.92,-4.73,-4.29,-3.35,-2.05,-0.88,-0.23,0.09,
Segment 16,0.00,-0.71,-0.09,-0.62,-1.69,-2.34,-2.78,-3.48,-4.48,-5.70,-7.03,-8.28,-9.37,-10.26,-10.98,-11.81,-12.85,-13.90,-14.89,-15.80,-16.66,-17.43,-18.11,-18.82,-19.58,-20.30,-20.89,-21.26,-21.34,-21.25,-21.27,-21.33,-21.07,-20.40,-19.60,-18.72,-17.73,-16.94,-15.90,-14.61,-12.75,-9.89,-7.02,-5.08,-4.15,-4.03,-4.50,-5.25,-6.04,-6.78,-7.31,-7.46,-7.31,-7.14,-7.06,-6.84,-6.30,-5.31,-3.72,-1.94,-0.34,
Segment 17,0.00,-0.09,-0.07,0.11,0.29,0.31,-0.09,-1.06,-2.37,-3.82,-5.23,-6.57,-7.81,-9.05,-10.41,-12.15,-14.34,-16.70,-18.72,-20.05,-20.90,-21.60,-22.33,-23.02,-23.53,-23.85,-23.91,-23.70,-23.27,-22.61,-21.77,-21.02,-20.11,-19.06,-17.91,-16.63,-15.11,-13.34,-11.34,-9.31,-7.41,-5.85,-4.90,-4.51,-4.61,-4.77,-4.82,-4.72,-4.58,-4.40,-4.25,-4.10,-3.84,-3.60,-3.41,-3.43,-3.38,-3.14,-2.42,-1.55,-0.66,
Segment 18,0.00,0.31,0.51,0.25,-0.28,-0.85,-1.44,-2.29,-3.51,-4.84,-6.05,-7.19,-8.10,-9.04,-10.12,-11.32,-12.69,-14.14,-15.47,-16.64,-17.77,-18.93,-20.11,-21.26,-22.28,-23.20,-23.96,-24.51,-24.84,-24.97,-24.92,-24.71,-24.36,-23.87,-23.25,-22.27,-20.78,-18.83,-16.69,-14.65,-12.55,-10.42,-8.38,-6.44,-4.95,-4.15,-4.08,-4.68,-5.73,-6.65,-7.00,-7.06,-7.06,-6.94,-6.71,-6.29,-5.53,-4.39,-2.92,-1.38,-0.26,

----------------------------------------------------------


Curves LvApical
==========================================================
Longitudinal Strain Mid
Unit [%]
Time [ms],0.00,12.97,25.94,38.90,51.87,64.84,77.81,90.77,103.74,116.71,129.68,142.64,155.61,168.58,181.55,194.51,207.48,220.45,233.42,246.38,259.35,272.32,285.29,298.25,311.22,324.19,337.16,350.13,363.09,376.06,389.03,402.00,414.96,427.93,440.90,453.87,466.83,479.80,492.77,505.74,518.70,531.67,544.64,557.61,570.57,583.54,596.51,609.48,622.45,635.41,648.38,661.35,674.32,687.28,700.25,713.22,726.19,739.15,752.12,765.09,778.06,
Total,0.00,0.01,0.37,0.33,-0.04,-0.40,-0.76,-1.30,-1.99,-2.76,-3.54,-4.36,-5.22,-6.05,-6.86,-7.66,-8.48,-9.27,-10.06,-10.73,-11.42,-12.04,-12.69,-13.23,-13.76,-14.20,-14.50,-14.67,-14.75,-14.80,-14.88,-15.00,-15.08,-14.93,-14.69,-14.13,-13.30,-12.20,-11.04,-9.90,-8.80,-7.85,-7.02,-6.41,-5.98,-5.75,-5.64,-5.59,-5.58,-5.57,-5.53,-5.50,-5.46,-5.36,-5.15,-4.82,-4.29,-3.51,-2.46,-1.33,-0.35,
Segment 1,0.00,0.00,0.78,0.28,-0.79,-1.36,-1.83,-2.44,-3.17,-4.08,-4.95,-5.73,-6.47,-7.15,-7.87,-8.61,-9.30,-9.90,-10.33,-10.70,-11.41,-12.12,-12.50,-12.82,-13.37,-13.84,-14.02,-13.99,-14.31,-14.83,-15.55,-16.53,-17.55,-18.49,-19.12,-19.14,-18.81,-18.22,-17.39,-16.25,-15.27,-14.95,-14.55,-13.60,-12.51,-11.89,-11.64,-11.36,-11.12,-10.94,-10.77,-10.61,-10.30,-9.68,-8.78,-7.62,-6.26,-4.88,-3.54,-2.27,-0.82,
Segment 2,0.00,1.19,2.84,4.30,4.74,4.56,4.00,2.97,1.80,0.44,-0.81,-2.14,-3.48,-4.82,-6.01,-6.90,-7.21,-7.32,-7.35,-7.74,-8.18,-8.63,-8.98,-9.19,-9.39,-9.51,-9.67,-9.64,-9.64,-9.52,-9.89,-10.03,-10.46,-10.19,-10.17,-9.65,-9.61,-9.61,-9.98,-10.01,-9.77,-9.10,-8.25,-7.43,-6.59,-5.96,-5.73,-5.70,-5.69,-5.39,-5.06,-4.75,-4.76,-4.74,-4.52,-3.91,-3.04,-2.08,-1.29,-0.64,-0.23,
Segment 3,0.00,-0.48,-1.46,-2.93,-4.61,-5.89,-6.69,-7.26,-7.74,-8.21,-8.64,-9.01,-9.37,-9.73,-10.35,-11.17,-12.03,-12.77,-13.24,-13.27,-13.13,-13.14,-13.22,-13.51,-13.83,-13.99,-14.02,-14.11,-14.41,-14.87,-15.56,-16.21,-16.48,-16.71,-17.17,-17.48,-17.00,-15.72,-14.31,-13.23,-12.44,-12.24,-11.87,-11.09,-10.04,-9.16,-8.59,-8.28,-8.23,-8.41,-8.75,-9.13,-9.22,-9.02,-8.35,-7.29,-6.18,-5.06,-3.63,-1.85,-0.34,
Segment 4,0.00,-0.44,0.51,2.32,3.97,4.35,4.11,3.78,3.50,3.13,2.59,1.68,0.36,-1.07,-2.36,-3.30,-3.87,-4.55,-5.59,-6.85,-8.24,-9.39,-10.34,-10.96,-11.67,-12.22,-12.47,-12.51,-12.78,-12.93,-13.33,-13.83,-14.41,-15.26,-16.02,-16.94,-17.10,-15.98,-14.36,-12.28,-10.55,-10.42,-10.77,-10.96,-10.88,-10.51,-10.01,-9.45,-8.83,-8.00,-7.12,-6.68,-6.64,-6.49,-6.14,-5.91,-5.91,-5.61,-4.56,-3.06,-1.15,
Segment 5,0.00,0.87,3.17,4.98,4.88,3.58,2.18,0.97,0.15,-0.87,-2.06,-3.68,-5.32,-7.26,-8.95,-10.23,-10.94,-11.09,-11.63,-11.60,-12.34,-12.44,-13.42,-13.83,-14.31,-14.79,-15.10,-15.75,-16.55,-17.94,-19.36,-21.18,-22.39,-21.63,-19.68,-15.64,-11.87,-8.15,-5.50,-3.42,-2.23,-1.75,-1.58,-2.09,-2.70,-3.44,-4.35,-5.03,-5.55,-5.49,-5.27,-4.91,-4.75,-4.71,-4.91,-5.29,-5.57,-5.13,-3.89,-2.11,-0.75,
Segment 6,0.00,0.28,0.67,0.38,-0.14,-0.47,-0.70,-0.87,-0.87,-0.93,-0.88,-0.93,-1.84,-2.85,-3.64,-4.39,-5.35,-6.58,-7.84,-8.85,-9.70,-10.45,-11.21,-12.02,-12.80,-13.53,-14.01,-14.14,-14.12,-14.22,-14.78,-15.43,-16.43,-16.95,-16.69,-15.72,-14.21,-12.39,-10.65,-9.29,-8.02,-6.80,-5.93,-6.27,-7.12,-7.61,-7.64,-7.30,-6.66,-6.07,-5.84,-5.75,-5.77,-5.82,-5.91,-5.70,-4.58,-2.81,-1.20,-0.18,0.26,
Segment 7,0.00,-0.45,0.45,0.48,0.21,0.35,0.54,0.16,-0.63,-1.39,-2.05,-2.76,-3.56,-4.39,-5.22,-6.03,-6.77,-7.44,-8.06,-8.63,-9.17,-9.73,-10.35,-10.96,-11.49,-11.93,-12.22,-12.39,-12.38,-12.25,-12.00,-11.71,-11.55,-11.58,-11.69,-11.81,-11.67,-11.13,-10.50,-10.01,-9.55,-9.06,-8.60,-8.23,-7.86,-7.45,-7.07,-6.87,-6.78,-6.67,-6.57,-6.61,-6.73,-6.65,-6.24,-5.51,-4.52,-3.49,-2.65,-1.70,-0.50,
Segment 8,0.00,-0.30,-0.98,-1.66,-2.17,-2.54,-3.08,-3.67,-4.45,-5.06,-5.80,-6.44,-7.16,-7.89,-8.66,-9.37,-10.10,-10.76,-11.42,-12.06,-12.69,-13.27,-13.72,-14.08,-14.27,-14.36,-14.24,-13.97,-13.29,-12.63,-12.01,-11.90,-11.83,-11.99,-11.94,-11.90,-11.51,-10.86,-9.94,-9.04,-8.33,-7.76,-7.27,-7.01,-6.87,-6.79,-6.66,-6.56,-6.59,-6.82,-7.09,-7.29,-7.37,-7.29,-7.12,-6.87,-6.43,-5.58,-4.12,-2.37,-0.85,
Segment 9,0.00,0.39,0.63,0.21,-0.47,-0.76,-0.69,-0.88,-1.64,-2.63,-3.73,-4.83,-5.77,-6.63,-7.47,-8.31,-9.11,-9.87,-10.65,-11.46,-12.24,-12.97,-13.62,-14.14,-14.54,-14.94,-15.26,-15.34,-15.13,-14.75,-14.24,-13.62,-13.01,-12.45,-12.18,-12.06,-11.85,-11.45,-10.88,-10.20,-9.47,-8.82,-8.16,-7.24,-6.40,-6.05,-6.08,-6.17,-6.20,-6.22,-6.17,-6.16,-6.22,-6.15,-5.66,-4.81,-3.62,-2.23,-1.03,-0.33,0.03,
Segment 10,0.00,0.07,1.02,0.75,0.13,0.17,0.44,0.27,-0.19,-0.44,-0.53,-0.81,-1.36,-2.13,-3.08,-4.01,-4.84,-5.60,-6.49,-7.17,-7.43,-7.57,-7.90,-8.28,-8.63,-8.98,-9.40,-9.80,-10.02,-10.09,-10.21,-10.39,-10.71,-11.16,-11.45,-11.47,-11.10,-10.35,-9.15,-7.67,-6.71,-6.90,-7.33,-7.02,-6.49,-6.18,-6.03,-6.09,-6.14,-5.95,-5.57,-5.18,-4.85,-4.60,-4.43,-4.24,-3.98,-3.50,-2.83,-1.82,-0.62,
Segment 11,0.00,-0.54,-1.45,-2.06,-2.37,-2.47,-2.78,-3.44,-4.34,-5.27,-6.27,-7.08,-7.56,-7.27,-6.82,-6.50,-6.92,-7.57,-8.24,-9.05,-9.86,-10.73,-11.78,-12.81,-13.68,-14.31,-14.63,-14.74,-14.31,-13.91,-13.57,-13.87,-13.92,-13.36,-12.52,-11.19,-9.73,-8.93,-8.37,-8.07,-7.44,-6.96,-6.65,-6.80,-6.93,-6.82,-5.78,-4.57,-3.45,-3.34,-3.52,-3.81,-3.91,-3.92,-3.99,-4.13,-4.14,-3.73,-2.63,-1.32,-0.29,
Segment 12,0.00,0.08,-0.01,-0.71,-1.60,-2.00,-1.96,-2.17,-2.95,-3.93,-4.86,-5.76,-6.49,-7.17,-7.88,-8.56,-9.22,-9.84,-10.36,-10.85,-11.39,-12.09,-12.78,-13.32,-13.68,-14.08,-14.51,-14.87,-15.17,-15.39,-15.39,-15.28,-15.16,-15.03,-15.71,-16.44,-16.21,-15.05,-13.70,-12.62,-11.55,-10.13,-8.85,-7.95,-7.29,-6.73,-6.27,-6.02,-5.99,-6.01,-5.96,-5.94,-5.96,-5.92,-5.65,-5.16,-4.66,-4.05,-2.95,-1.31,-0.09,
Segment 13,0.00,-0.48,-0.12,-0.18,-0.50,-0.75,-1.02,-1.57,-2.33,-3.07,-3.76,-4.47,-5.20,-5.92,-6.63,-7.31,-7.95,-8.60,-9.26,-9.99,-10.81,-11.58,-12.16,-12.67,-13.27,-13.79,-14.13,-14.23,-14.13,-13.92,-13.72,-13.59,-13.51,-13.47,-13.43,-13.32,-12.98,-12.44,-11.78,-11.17,-10.21,-8.54,-6.82,-5.65,-4.98,-4.66,-4.54,-4.47,-4.36,-4.25,-4.12,-4.02,-3.97,-3.87,-3.64,-3.21,-2.55,-1.83,-1.19,-0.51,0.08,
Segment 14,0.00,-0.01,-0.08,-0.36,-0.79,-1.35,-2.01,-2.74,-3.55,-4.38,-5.44,-6.54,-7.63,-8.54,-9.38,-10.14,-10.74,-11.27,-11.82,-12.40,-12.99,-13.53,-14.02,-14.41,-14.68,-14.78,-14.80,-14.75,-14.83,-14.83,-14.75,-14.44,-14.00,-13.43,-12.81,-12.00,-10.95,-9.63,-8.17,-6.64,-5.16,-3.89,-3.00,-2.50,-2.33,-2.34,-2.46,-2.62,-2.76,-2.87,-2.94,-3.02,-3.06,-3.10,-3.07,-2.93,-2.64,-2.21,-1.53,-0.80,-0.14,
Segment 15,0.00,0.05,0.08,-0.19,-0.57,-0.85,-1.04,-1.27,-1.60,-2.01,-2.57,-3.18,-3.64,-4.11,-4.71,-5.45,-6.34,-7.30,-8.16,-8.88,-9.54,-10.31,-11.10,-11.68,-12.17,-12.73,-13.30,-13.73,-13.97,-13.94,-13.63,-13.18,-12.79,-12.37,-11.85,-11.31,-10.83,-10.36,-9.81,-9.03,-7.94,-6.44,-4.72,-2.94,-1.54,-0.98,-1.11,-1.49,-1.86,-2.24,-2.64,-2.93,-3.10,-3.17,-3.16,-2.98,-2.38,-1.42,-0.56,-0.10,0.09,
Segment 16,0.00,-0.36,-0.02,-0.54,-1.42,-1.95,-2.27,-2.74,-3.41,-4.26,-5.20,-6.14,-7.00,-7.74,-8.34,-9.02,-9.84,-10.66,-11.45,-12.20,-12.93,-13.57,-14.06,-14.58,-15.21,-15.87,-16.41,-16.78,-16.99,-17.09,-17.20,-17.28,-17.06,-16.50,-15.83,-15.09,-14.29,-13.67,-12.79,-11.59,-9.84,-7.21,-4.65,-3.09,-2.49,-2.60,-3.19,-3.97,-4.74,-5.44,-5.93,-6.08,-5.96,-5.82,-5.78,-5.68,-5.39,-4.68,-3.38,-1.87,-0.49,
Segment 17,0.00,0.02,0.13,0.35,0.51,0.52,0.19,-0.59,-1.62,-2.76,-3.84,-4.86,-5.78,-6.73,-7.80,-9.28,-11.25,-13.43,-15.30,-16.49,-17.24,-17.85,-18.53,-19.18,-19.67,-19.96,-20.02,-19.88,-19.59,-19.09,-18.32,-17.45,-16.35,-15.18,-14.07,-12.93,-11.60,-9.95,-8.10,-6.30,-4.76,-3.57,-2.94,-2.76,-2.97,-3.16,-3.17,-3.00,-2.79,-2.58,-2.41,-2.26,-2.03,-1.84,-1.70,-1.78,-1.83,-1.76,-1.31,-0.78,-0.28,
Segment 18,0.00,0.24,0.37,0.16,-0.26,-0.71,-1.19,-1.84,-2.76,-3.76,-4.66,-5.54,-6.27,-7.09,-8.02,-9.05,-10.19,-11.40,-12.53,-13.58,-14.61,-15.65,-16.69,-17.67,-18.52,-19.30,-19.97,-20.45,-20.74,-20.87,-20.88,-20.77,-20.54,-20.17,-19.68,-18.84,-17.51,-15.74,-13.85,-12.10,-10.28,-8.35,-6.52,-4.85,-3.59,-2.92,-2.86,-3.41,-4.39,-5.24,-5.52,-5.53,-5.45,-5.30,-5.17,-4.94,-4.45,-3.61,-2.47,-1.20,-0.26,

----------------------------------------------------------


Curves LvApical
==========================================================
Longitudinal Strain Rate Endo
Unit [1/s]
Time [ms],0.00,12.97,25.94,38.90,51.87,64.84,77.81,90.77,103.74,116.71,129.68,142.64,155.61,168.58,181.55,194.51,207.48,220.45,233.42,246.38,259.35,272.32,285.29,298.25,311.22,324.19,337.16,350.13,363.09,376.06,389.03,402.00,414.96,427.93,440.90,453.87,466.83,479.80,492.77,505.74,518.70,531.67,544.64,557.61,570.57,583.54,596.51,609.48,622.45,635.41,648.38,661.35,674.32,687.28,700.25,713.22,726.19,739.15,752.12,765.09,778.06,
Segment 1,-0.12,0.42,0.22,-0.75,-0.69,-0.37,-0.45,-0.59,-0.70,-0.73,-0.65,-0.63,-0.61,-0.63,-0.67,-0.62,-0.54,-0.44,-0.35,-0.50,-0.69,-0.49,-0.25,-0.38,-0.50,-0.32,-0.06,-0.15,-0.45,-0.57,-0.73,-0.85,-0.87,-0.74,-0.32,0.12,0.41,0.66,0.98,1.13,0.67,0.30,0.57,0.86,0.69,0.28,0.18,0.21,0.17,0.14,0.12,0.15,0.35,0.62,0.84,1.04,1.17,1.22,1.20,1.29,1.03,
Segment 2,1.04,1.25,1.38,0.81,0.06,-0.33,-0.75,-1.07,-1.23,-1.26,-1.21,-1.25,-1.23,-1.15,-0.97,-0.57,-0.23,-0.11,-0.25,-0.46,-0.46,-0.43,-0.30,-0.23,-0.18,-0.18,-0.11,-0.04,0.03,-0.17,-0.26,-0.30,-0.03,0.25,0.43,0.53,0.29,0.11,0.03,0.28,0.51,0.74,0.70,0.64,0.56,0.31,0.07,-0.03,0.12,0.27,0.28,0.12,-0.03,0.07,0.30,0.59,0.79,0.85,0.80,0.64,0.36,
Segment 3,-0.28,-0.52,-1.01,-1.40,-1.31,-0.85,-0.54,-0.47,-0.47,-0.45,-0.39,-0.36,-0.35,-0.45,-0.66,-0.75,-0.71,-0.56,-0.26,-0.00,-0.02,-0.10,-0.20,-0.30,-0.23,-0.10,-0.06,-0.15,-0.27,-0.46,-0.61,-0.40,-0.18,-0.31,-0.38,0.07,0.86,1.30,1.16,0.90,0.53,0.32,0.55,0.80,0.80,0.57,0.33,0.12,-0.08,-0.22,-0.31,-0.21,0.02,0.34,0.75,0.97,0.99,1.14,1.43,1.49,0.76,
Segment 4,-0.52,0.18,1.19,1.44,0.78,-0.05,-0.31,-0.33,-0.34,-0.43,-0.63,-0.98,-1.21,-1.20,-0.99,-0.65,-0.52,-0.73,-0.98,-1.15,-1.10,-0.89,-0.61,-0.54,-0.59,-0.37,-0.10,-0.16,-0.24,-0.27,-0.41,-0.43,-0.64,-0.69,-0.72,-0.50,0.50,1.27,1.67,1.83,0.89,-0.09,-0.18,-0.02,0.20,0.37,0.42,0.44,0.57,0.72,0.56,0.16,0.05,0.27,0.35,0.16,0.16,0.66,1.16,1.57,1.34,
Segment 5,0.41,1.23,1.82,0.68,-0.74,-1.22,-1.15,-0.89,-0.81,-0.96,-1.20,-1.35,-1.43,-1.46,-1.16,-0.81,-0.30,-0.32,-0.19,-0.29,-0.32,-0.43,-0.65,-0.32,-0.41,-0.28,-0.36,-0.59,-0.92,-1.13,-1.22,-1.18,0.04,1.23,2.53,3.27,3.02,2.56,1.82,1.24,0.53,0.19,-0.18,-0.49,-0.51,-0.64,-0.58,-0.43,-0.14,0.15,0.26,0.22,0.07,-0.05,-0.23,-0.27,0.07,0.71,1.30,1.34,0.84,
Segment 6,0.20,0.31,0.03,-0.45,-0.43,-0.26,-0.20,-0.09,-0.05,-0.02,0.07,-0.38,-0.86,-0.75,-0.62,-0.69,-0.89,-1.03,-0.93,-0.75,-0.65,-0.61,-0.64,-0.63,-0.60,-0.48,-0.22,0.01,0.02,-0.26,-0.47,-0.68,-0.68,-0.16,0.42,0.94,1.36,1.50,1.27,1.06,1.07,0.99,0.28,-0.55,-0.57,-0.17,0.15,0.40,0.49,0.30,0.08,0.02,-0.01,-0.06,-0.03,0.49,1.24,1.48,1.16,0.68,0.09,
Segment 7,-0.53,0.28,0.50,-0.23,-0.11,0.17,-0.10,-0.60,-0.73,-0.61,-0.57,-0.67,-0.75,-0.77,-0.76,-0.70,-0.63,-0.60,-0.57,-0.55,-0.55,-0.55,-0.54,-0.52,-0.48,-0.37,-0.24,-0.12,-0.02,0.08,0.17,0.13,-0.03,-0.14,-0.14,0.01,0.36,0.64,0.66,0.61,0.57,0.51,0.41,0.33,0.33,0.32,0.22,0.11,0.09,0.12,0.04,-0.08,-0.02,0.23,0.52,0.76,0.93,0.89,0.88,1.11,0.84,
Segment 8,-0.05,-0.27,-0.50,-0.48,-0.39,-0.48,-0.63,-0.77,-0.78,-0.77,-0.78,-0.75,-0.79,-0.79,-0.76,-0.73,-0.69,-0.65,-0.66,-0.66,-0.64,-0.56,-0.46,-0.33,-0.20,-0.06,0.08,0.29,0.45,0.47,0.29,0.15,0.15,0.23,0.37,0.52,0.79,0.99,1.05,0.87,0.64,0.52,0.34,0.15,0.07,0.09,0.12,0.05,-0.08,-0.19,-0.17,-0.11,-0.01,0.09,0.15,0.26,0.55,1.08,1.54,1.56,0.98,
Segment 9,0.32,0.29,-0.12,-0.63,-0.53,-0.09,-0.01,-0.42,-0.79,-0.91,-0.95,-0.88,-0.78,-0.75,-0.75,-0.73,-0.69,-0.67,-0.70,-0.69,-0.65,-0.59,-0.50,-0.37,-0.34,-0.34,-0.21,0.02,0.21,0.30,0.37,0.43,0.43,0.30,0.12,0.17,0.38,0.56,0.64,0.69,0.69,0.65,0.76,0.83,0.54,0.12,-0.08,-0.06,-0.02,0.00,0.02,-0.03,-0.01,0.23,0.56,0.88,1.16,1.20,0.89,0.53,0.17,
Segment 10,-0.09,0.51,0.36,-0.56,-0.34,0.15,-0.02,-0.46,-0.48,-0.24,-0.23,-0.45,-0.66,-0.84,-0.89,-0.81,-0.72,-0.76,-0.77,-0.51,-0.27,-0.29,-0.37,-0.37,-0.38,-0.39,-0.38,-0.30,-0.16,-0.11,-0.12,-0.20,-0.34,-0.34,-0.13,0.19,0.56,0.96,1.36,1.33,0.57,-0.12,0.10,0.49,0.38,0.17,0.01,-0.11,0.02,0.22,0.31,0.28,0.25,0.21,0.22,0.26,0.41,0.63,0.89,1.17,0.90,
Segment 11,-0.35,-0.56,-0.61,-0.37,-0.21,-0.24,-0.53,-0.80,-0.89,-0.91,-0.84,-0.62,-0.15,0.26,0.26,-0.15,-0.60,-0.63,-0.66,-0.69,-0.68,-0.81,-0.89,-0.81,-0.62,-0.36,-0.18,0.09,0.28,0.29,0.04,-0.09,0.42,0.75,1.01,1.34,1.11,0.72,0.48,0.47,0.53,0.36,0.05,-0.18,-0.10,0.41,0.90,0.95,0.49,-0.08,-0.20,-0.15,-0.01,-0.01,-0.08,-0.07,0.17,0.71,1.15,1.10,0.55,
Segment 12,0.10,0.05,-0.35,-0.81,-0.67,-0.17,-0.06,-0.48,-0.83,-0.84,-0.78,-0.70,-0.61,-0.62,-0.62,-0.60,-0.59,-0.54,-0.46,-0.46,-0.56,-0.62,-0.55,-0.40,-0.34,-0.38,-0.34,-0.25,-0.20,-0.08,0.04,0.08,0.16,-0.22,-0.69,-0.22,0.71,1.22,1.12,0.96,1.17,1.30,0.99,0.66,0.51,0.42,0.28,0.06,-0.07,-0.03,0.00,-0.01,-0.00,0.11,0.31,0.43,0.51,0.80,1.31,1.38,0.56,
Segment 13,-0.67,0.04,0.35,-0.20,-0.26,-0.18,-0.33,-0.61,-0.73,-0.71,-0.71,-0.71,-0.69,-0.65,-0.63,-0.64,-0.67,-0.67,-0.67,-0.71,-0.72,-0.62,-0.52,-0.54,-0.53,-0.41,-0.23,0.01,0.20,0.21,0.09,0.02,0.03,0.05,0.10,0.24,0.46,0.62,0.60,0.63,1.08,1.42,1.25,0.87,0.53,0.28,0.13,0.11,0.12,0.13,0.12,0.08,0.07,0.13,0.30,0.55,0.72,0.71,0.69,0.69,0.19,
Segment 14,0.03,0.03,-0.07,-0.23,-0.36,-0.52,-0.67,-0.83,-0.93,-1.12,-1.31,-1.33,-1.24,-1.11,-1.03,-0.89,-0.76,-0.72,-0.73,-0.73,-0.68,-0.60,-0.49,-0.38,-0.25,-0.12,0.00,0.08,0.13,0.17,0.11,0.10,0.24,0.47,0.76,1.03,1.26,1.42,1.53,1.60,1.54,1.26,0.85,0.47,0.20,0.03,-0.07,-0.08,-0.07,-0.06,-0.06,-0.04,-0.02,0.00,0.08,0.21,0.39,0.69,0.95,1.00,0.68,
Segment 15,0.07,0.10,-0.07,-0.32,-0.30,-0.19,-0.19,-0.33,-0.46,-0.61,-0.74,-0.64,-0.51,-0.58,-0.71,-0.84,-0.95,-0.93,-0.80,-0.68,-0.71,-0.79,-0.70,-0.56,-0.56,-0.58,-0.52,-0.39,-0.20,0.07,0.29,0.33,0.33,0.46,0.59,0.63,0.65,0.70,0.79,0.94,1.15,1.35,1.54,1.49,0.93,0.20,-0.21,-0.26,-0.22,-0.27,-0.27,-0.18,-0.10,0.05,0.23,0.52,0.90,1.01,0.71,0.37,0.07,
Segment 16,-0.75,0.05,0.16,-0.73,-0.70,-0.37,-0.41,-0.66,-0.87,-1.00,-1.01,-0.91,-0.76,-0.60,-0.57,-0.73,-0.82,-0.79,-0.73,-0.68,-0.63,-0.55,-0.53,-0.57,-0.58,-0.52,-0.38,-0.17,0.03,0.04,-0.06,0.04,0.38,0.59,0.64,0.74,0.68,0.68,0.88,1.16,1.85,2.33,1.91,1.09,0.38,-0.16,-0.51,-0.61,-0.60,-0.51,-0.27,0.02,0.14,0.09,0.10,0.27,0.57,1.01,1.34,1.40,0.74,
Segment 17,-0.09,-0.04,0.08,0.16,0.10,-0.12,-0.53,-0.90,-1.08,-1.12,-1.06,-0.99,-0.94,-0.98,-1.17,-1.52,-1.80,-1.74,-1.29,-0.81,-0.57,-0.55,-0.56,-0.47,-0.33,-0.15,0.06,0.25,0.42,0.60,0.61,0.62,0.76,0.85,0.93,1.07,1.27,1.47,1.58,1.53,1.36,0.98,0.51,0.08,-0.14,-0.09,0.03,0.10,0.13,0.13,0.11,0.16,0.20,0.18,0.06,-0.01,0.09,0.37,0.64,0.71,0.60,
Segment 18,0.25,0.23,-0.02,-0.33,-0.44,-0.44,-0.54,-0.81,-1.01,-0.98,-0.92,-0.78,-0.69,-0.78,-0.88,-0.99,-1.10,-1.09,-0.96,-0.87,-0.88,-0.91,-0.90,-0.84,-0.75,-0.65,-0.51,-0.34,-0.18,-0.03,0.11,0.22,0.32,0.42,0.60,0.95,1.34,1.61,1.62,1.58,1.64,1.62,1.55,1.36,0.90,0.33,-0.22,-0.68,-0.82,-0.50,-0.12,-0.01,0.04,0.13,0.24,0.44,0.73,1.02,1.20,1.08,0.51,

----------------------------------------------------------


Curves LvApical
==========================================================
Longitudinal Strain Rate Mid
Unit [1/s]
Time [ms],0.00,12.97,25.94,38.90,51.87,64.84,77.81,90.77,103.74,116.71,129.68,142.64,155.61,168.58,181.55,194.51,207.48,220.45,233.42,246.38,259.35,272.32,285.29,298.25,311.22,324.19,337.16,350.13,363.09,376.06,389.03,402.00,414.96,427.93,440.90,453.87,466.83,479.80,492.77,505.74,518.70,531.67,544.64,557.61,570.57,583.54,596.51,609.48,622.45,635.41,648.38,661.35,674.32,687.28,700.25,713.22,726.19,739.15,752.12,765.09,778.06,
Segment 1,-0.12,0.39,0.20,-0.73,-0.67,-0.35,-0.40,-0.52,-0.64,-0.70,-0.64,-0.59,-0.54,-0.53,-0.57,-0.56,-0.51,-0.39,-0.28,-0.41,-0.59,-0.42,-0.23,-0.34,-0.43,-0.26,-0.02,-0.09,-0.34,-0.48,-0.66,-0.79,-0.78,-0.64,-0.25,0.14,0.36,0.54,0.78,0.88,0.49,0.20,0.52,0.85,0.69,0.30,0.19,0.21,0.16,0.13,0.12,0.16,0.35,0.59,0.80,0.98,1.07,1.05,0.98,1.09,0.89,
Segment 2,0.86,1.10,1.29,0.76,0.06,-0.29,-0.63,-0.86,-0.99,-1.01,-0.98,-1.03,-1.04,-0.99,-0.83,-0.46,-0.13,-0.02,-0.15,-0.34,-0.35,-0.32,-0.21,-0.15,-0.12,-0.12,-0.05,0.02,0.07,-0.11,-0.20,-0.25,-0.06,0.13,0.22,0.25,0.01,-0.16,-0.20,0.08,0.36,0.61,0.65,0.65,0.59,0.33,0.08,-0.02,0.12,0.26,0.27,0.11,-0.03,0.07,0.31,0.59,0.73,0.69,0.56,0.41,0.23,
Segment 3,-0.31,-0.53,-0.96,-1.27,-1.18,-0.79,-0.50,-0.39,-0.37,-0.35,-0.30,-0.28,-0.26,-0.36,-0.57,-0.66,-0.63,-0.49,-0.18,0.08,0.06,-0.03,-0.14,-0.26,-0.20,-0.06,-0.03,-0.15,-0.29,-0.45,-0.56,-0.35,-0.15,-0.27,-0.36,0.02,0.72,1.10,0.98,0.74,0.36,0.15,0.44,0.75,0.78,0.56,0.34,0.14,-0.06,-0.21,-0.30,-0.20,0.03,0.33,0.70,0.86,0.84,0.96,1.27,1.37,0.70,
Segment 4,-0.51,0.15,1.16,1.46,0.81,-0.02,-0.26,-0.23,-0.23,-0.33,-0.54,-0.88,-1.09,-1.07,-0.88,-0.56,-0.44,-0.66,-0.90,-1.05,-1.00,-0.82,-0.58,-0.50,-0.51,-0.31,-0.08,-0.12,-0.16,-0.20,-0.36,-0.40,-0.56,-0.62,-0.69,-0.51,0.39,1.10,1.46,1.60,0.72,-0.20,-0.24,-0.05,0.18,0.35,0.41,0.44,0.56,0.70,0.54,0.15,0.03,0.21,0.26,0.06,0.05,0.52,1.00,1.39,1.21,
Segment 5,0.48,1.25,1.80,0.70,-0.66,-1.12,-1.03,-0.76,-0.68,-0.84,-1.10,-1.26,-1.39,-1.44,-1.16,-0.78,-0.27,-0.27,-0.17,-0.28,-0.32,-0.41,-0.59,-0.30,-0.39,-0.28,-0.35,-0.54,-0.85,-1.09,-1.28,-1.32,-0.20,1.03,2.39,3.14,2.93,2.49,1.80,1.28,0.60,0.25,-0.14,-0.47,-0.51,-0.66,-0.63,-0.49,-0.18,0.13,0.24,0.21,0.08,-0.05,-0.24,-0.31,0.02,0.66,1.24,1.28,0.79,
Segment 6,0.19,0.30,0.06,-0.37,-0.35,-0.21,-0.16,-0.06,-0.02,-0.01,0.07,-0.37,-0.81,-0.70,-0.56,-0.64,-0.85,-0.99,-0.89,-0.71,-0.61,-0.57,-0.61,-0.62,-0.60,-0.49,-0.23,-0.01,0.01,-0.26,-0.47,-0.66,-0.66,-0.11,0.49,0.98,1.32,1.42,1.20,0.99,0.97,0.88,0.22,-0.56,-0.57,-0.20,0.13,0.40,0.51,0.32,0.10,0.02,-0.03,-0.07,-0.01,0.48,1.18,1.38,1.03,0.57,0.04,
Segment 7,-0.54,0.24,0.47,-0.18,-0.07,0.19,-0.04,-0.49,-0.63,-0.54,-0.52,-0.58,-0.64,-0.64,-0.63,-0.60,-0.55,-0.50,-0.45,-0.42,-0.42,-0.46,-0.48,-0.44,-0.38,-0.28,-0.18,-0.06,0.06,0.15,0.22,0.19,0.05,-0.06,-0.11,-0.02,0.27,0.48,0.44,0.36,0.37,0.38,0.32,0.27,0.31,0.32,0.23,0.10,0.07,0.09,0.03,-0.08,-0.04,0.18,0.44,0.68,0.81,0.71,0.66,0.89,0.67,
Segment 8,-0.18,-0.38,-0.56,-0.46,-0.31,-0.34,-0.44,-0.54,-0.54,-0.52,-0.53,-0.52,-0.57,-0.58,-0.57,-0.56,-0.54,-0.50,-0.50,-0.49,-0.47,-0.40,-0.31,-0.21,-0.11,0.01,0.14,0.37,0.54,0.52,0.28,0.05,-0.05,-0.05,0.03,0.15,0.40,0.62,0.73,0.62,0.49,0.42,0.29,0.14,0.07,0.08,0.10,0.03,-0.11,-0.21,-0.19,-0.11,0.00,0.10,0.16,0.25,0.47,0.90,1.29,1.32,0.90,
Segment 9,0.31,0.29,-0.06,-0.50,-0.42,-0.04,0.01,-0.37,-0.70,-0.82,-0.87,-0.79,-0.68,-0.65,-0.65,-0.63,-0.60,-0.59,-0.62,-0.62,-0.58,-0.54,-0.46,-0.34,-0.30,-0.29,-0.17,0.05,0.24,0.35,0.44,0.49,0.47,0.33,0.13,0.11,0.23,0.38,0.49,0.56,0.54,0.48,0.61,0.73,0.48,0.10,-0.08,-0.05,-0.02,0.01,0.03,-0.03,-0.03,0.21,0.52,0.79,1.02,1.04,0.74,0.40,0.11,
Segment 10,-0.08,0.48,0.35,-0.47,-0.26,0.19,0.07,-0.29,-0.30,-0.10,-0.12,-0.32,-0.52,-0.68,-0.74,-0.68,-0.60,-0.64,-0.64,-0.36,-0.11,-0.17,-0.29,-0.28,-0.27,-0.30,-0.33,-0.25,-0.10,-0.06,-0.11,-0.19,-0.31,-0.31,-0.13,0.13,0.43,0.76,1.09,1.03,0.28,-0.36,-0.07,0.39,0.34,0.17,0.03,-0.07,0.04,0.24,0.31,0.28,0.23,0.16,0.13,0.16,0.28,0.44,0.64,0.91,0.72,
Segment 11,-0.37,-0.58,-0.63,-0.34,-0.13,-0.12,-0.38,-0.62,-0.71,-0.76,-0.72,-0.53,-0.07,0.34,0.35,-0.03,-0.46,-0.51,-0.57,-0.63,-0.63,-0.74,-0.82,-0.75,-0.59,-0.36,-0.18,0.14,0.35,0.33,-0.00,-0.22,0.20,0.55,0.84,1.15,0.89,0.50,0.30,0.35,0.46,0.33,0.05,-0.15,-0.06,0.45,0.93,0.96,0.49,-0.08,-0.21,-0.16,-0.02,-0.02,-0.09,-0.08,0.12,0.60,0.99,0.96,0.49,
Segment 12,0.07,0.03,-0.30,-0.68,-0.54,-0.09,0.00,-0.38,-0.72,-0.75,-0.71,-0.63,-0.53,-0.54,-0.54,-0.51,-0.50,-0.44,-0.38,-0.38,-0.49,-0.55,-0.48,-0.34,-0.28,-0.33,-0.31,-0.26,-0.21,-0.08,0.05,0.09,0.15,-0.21,-0.66,-0.25,0.59,1.04,0.95,0.79,0.97,1.09,0.84,0.58,0.46,0.40,0.28,0.10,-0.01,0.01,0.03,-0.01,-0.01,0.11,0.31,0.39,0.39,0.63,1.11,1.21,0.48,
Segment 13,-0.49,-0.01,0.19,-0.19,-0.23,-0.17,-0.30,-0.53,-0.60,-0.55,-0.53,-0.56,-0.56,-0.56,-0.54,-0.50,-0.50,-0.51,-0.53,-0.60,-0.63,-0.52,-0.40,-0.43,-0.45,-0.34,-0.17,0.01,0.14,0.17,0.13,0.08,0.04,0.02,0.05,0.16,0.35,0.49,0.48,0.55,1.03,1.38,1.15,0.69,0.37,0.16,0.06,0.07,0.09,0.10,0.09,0.05,0.05,0.12,0.25,0.43,0.55,0.52,0.51,0.54,0.19,
Segment 14,0.00,-0.02,-0.13,-0.28,-0.38,-0.48,-0.54,-0.60,-0.62,-0.73,-0.85,-0.85,-0.77,-0.67,-0.62,-0.52,-0.43,-0.41,-0.44,-0.46,-0.44,-0.40,-0.34,-0.26,-0.14,-0.04,0.03,-0.01,-0.05,0.02,0.15,0.30,0.39,0.45,0.54,0.71,0.92,1.08,1.17,1.18,1.08,0.84,0.53,0.25,0.05,-0.06,-0.12,-0.12,-0.09,-0.06,-0.06,-0.05,-0.03,-0.01,0.06,0.16,0.27,0.43,0.56,0.57,0.31,
Segment 15,0.03,0.05,-0.08,-0.28,-0.26,-0.17,-0.15,-0.21,-0.28,-0.37,-0.47,-0.42,-0.34,-0.41,-0.52,-0.63,-0.73,-0.72,-0.61,-0.52,-0.55,-0.62,-0.53,-0.40,-0.40,-0.45,-0.40,-0.27,-0.09,0.14,0.31,0.33,0.30,0.36,0.42,0.40,0.36,0.38,0.50,0.71,1.00,1.26,1.38,1.28,0.77,0.13,-0.24,-0.30,-0.28,-0.31,-0.28,-0.17,-0.09,-0.03,0.05,0.29,0.63,0.75,0.51,0.24,0.03,
Segment 16,-0.38,0.05,0.00,-0.63,-0.57,-0.29,-0.28,-0.44,-0.59,-0.70,-0.74,-0.70,-0.62,-0.51,-0.48,-0.58,-0.64,-0.63,-0.59,-0.57,-0.54,-0.43,-0.38,-0.44,-0.51,-0.47,-0.35,-0.22,-0.11,-0.08,-0.09,0.04,0.31,0.49,0.55,0.61,0.53,0.54,0.79,1.10,1.72,2.12,1.64,0.81,0.16,-0.30,-0.56,-0.61,-0.57,-0.48,-0.25,0.01,0.12,0.07,0.04,0.13,0.36,0.79,1.12,1.18,0.72,
Segment 17,0.00,0.04,0.13,0.16,0.08,-0.11,-0.43,-0.72,-0.86,-0.87,-0.81,-0.74,-0.71,-0.76,-0.96,-1.34,-1.65,-1.61,-1.19,-0.71,-0.50,-0.49,-0.53,-0.45,-0.31,-0.13,0.04,0.16,0.29,0.50,0.64,0.76,0.89,0.89,0.85,0.93,1.15,1.37,1.43,1.31,1.07,0.71,0.30,-0.04,-0.19,-0.09,0.07,0.15,0.17,0.15,0.11,0.15,0.17,0.14,0.02,-0.07,-0.01,0.20,0.40,0.42,0.30,
Segment 18,0.19,0.16,-0.02,-0.26,-0.35,-0.35,-0.42,-0.61,-0.77,-0.74,-0.69,-0.62,-0.58,-0.67,-0.76,-0.84,-0.92,-0.91,-0.84,-0.79,-0.80,-0.81,-0.78,-0.71,-0.63,-0.56,-0.45,-0.29,-0.16,-0.06,0.04,0.13,0.23,0.32,0.49,0.83,1.22,1.45,1.41,1.36,1.46,1.47,1.37,1.15,0.76,0.28,-0.20,-0.63,-0.76,-0.45,-0.08,0.04,0.09,0.11,0.12,0.26,0.51,0.77,0.97,0.90,0.45,

----------------------------------------------------------


Curves LvApical
==========================================================
Global Strain A2C Endo
Unit [%]
Time [ms],0.00,12.97,25.94,38.90,51.87,64.84,77.81,90.77,103.74,116.71,129.68,142.64,155.61,168.58,181.55,194.51,207.48,220.45,233.42,246.38,259.35,272.32,285.29,298.25,311.22,324.19,337.16,350.13,363.09,376.06,389.03,402.00,414.96,427.93,440.90,453.87,466.83,479.80,492.77,505.74,518.70,531.67,544.64,557.61,570.57,583.54,596.51,609.48,622.45,635.41,648.38,661.35,674.32,687.28,700.25,713.22,726.19,739.15,752.12,765.09,778.06,
Total,0.00,-0.37,0.48,0.54,0.21,0.02,-0.17,-0.72,-1.52,-2.35,-3.15,-4.03,-5.01,-6.03,-7.02,-7.96,-8.82,-9.66,-10.54,-11.40,-12.29,-13.09,-13.76,-14.35,-15.03,-15.63,-16.03,-16.25,-16.43,-16.53,-16.72,-16.98,-17.28,-17.60,-17.80,-17.82,-17.41,-16.55,-15.37,-13.96,-12.58,-11.53,-10.61,-9.76,-9.07,-8.67,-8.50,-8.44,-8.39,-8.26,-8.06,-7.91,-7.77,-7.51,-7.09,-6.51,-5.75,-4.77,-3.54,-2.13,-0.62,

----------------------------------------------------------


Curves LvApical
==========================================================
Global Strain A2C Mid
Unit [%]
Time [ms],0.00,12.97,25.94,38.90,51.87,64.84,77.81,90.77,103.74,116.71,129.68,142.64,155.61,168.58,181.55,194.51,207.48,220.45,233.42,246.38,259.35,272.32,285.29,298.25,311.22,324.19,337.16,350.13,363.09,376.06,389.03,402.00,414.96,427.93,440.90,453.87,466.83,479.80,492.77,505.74,518.70,531.67,544.64,557.61,570.57,583.54,596.51,609.48,622.45,635.41,648.38,661.35,674.32,687.28,700.25,713.22,726.19,739.15,752.12,765.09,778.06,
Total,0.00,-0.29,0.41,0.47,0.21,0.07,-0.08,-0.50,-1.12,-1.78,-2.42,-3.15,-3.98,-4.84,-5.68,-6.46,-7.17,-7.87,-8.61,-9.33,-10.08,-10.74,-11.30,-11.79,-12.36,-12.86,-13.20,-13.37,-13.52,-13.60,-13.75,-13.96,-14.21,-14.47,-14.64,-14.67,-14.35,-13.66,-12.70,-11.55,-10.40,-9.51,-8.71,-7.99,-7.42,-7.11,-6.99,-6.95,-6.91,-6.80,-6.62,-6.48,-6.36,-6.14,-5.79,-5.31,-4.72,-3.95,-2.98,-1.83,-0.57,

----------------------------------------------------------


Curves LvApical
==========================================================
Global Strain Rate A2C Endo
Unit [1/s]
Time [ms],0.00,12.97,25.94,38.90,51.87,64.84,77.81,90.77,103.74,116.71,129.68,142.64,155.61,168.58,181.55,194.51,207.48,220.45,233.42,246.38,259.35,272.32,285.29,298.25,311.22,324.19,337.16,350.13,363.09,376.06,389.03,402.00,414.96,427.93,440.90,453.87,466.83,479.80,492.77,505.74,518.70,531.67,544.64,557.61,570.57,583.54,596.51,609.48,622.45,635.41,648.38,661.35,674.32,687.28,700.25,713.22,726.19,739.15,752.12,765.09,778.06,
Total,-0.46,0.24,0.46,-0.17,-0.23,-0.11,-0.27,-0.54,-0.64,-0.63,-0.64,-0.72,-0.78,-0.78,-0.75,-0.69,-0.65,-0.66,-0.67,-0.68,-0.66,-0.57,-0.47,-0.49,-0.51,-0.39,-0.23,-0.15,-0.11,-0.10,-0.18,-0.22,-0.25,-0.21,-0.10,0.13,0.50,0.80,1.02,1.11,0.94,0.74,0.69,0.61,0.42,0.21,0.08,0.03,0.06,0.13,0.14,0.10,0.14,0.26,0.39,0.51,0.66,0.85,1.02,1.20,0.83,

----------------------------------------------------------


Curves LvApical
==========================================================
Global Strain Rate A2C Mid
Unit [1/s]
Time [ms],0.00,12.97,25.94,38.90,51.87,64.84,77.81,90.77,103.74,116.71,129.68,142.64,155.61,168.58,181.55,194.51,207.48,220.45,233.42,246.38,259.35,272.32,285.29,298.25,311.22,324.19,337.16,350.13,363.09,376.06,389.03,402.00,414.96,427.93,440.90,453.87,466.83,479.80,492.77,505.74,518.70,531.67,544.64,557.61,570.57,583.54,596.51,609.48,622.45,635.41,648.38,661.35,674.32,687.28,700.25,713.22,726.19,739.15,752.12,765.09,778.06,
Total,-0.36,0.20,0.38,-0.13,-0.18,-0.08,-0.21,-0.42,-0.50,-0.50,-0.52,-0.60,-0.66,-0.66,-0.63,-0.58,-0.54,-0.55,-0.56,-0.57,-0.55,-0.47,-0.39,-0.41,-0.43,-0.33,-0.19,-0.12,-0.08,-0.08,-0.14,-0.18,-0.20,-0.18,-0.09,0.10,0.39,0.65,0.83,0.91,0.79,0.64,0.59,0.51,0.34,0.16,0.05,0.02,0.05,0.12,0.13,0.09,0.12,0.22,0.32,0.41,0.52,0.67,0.82,0.99,0.72,

----------------------------------------------------------


Curves LvApical
==========================================================
Global Strain A3C Endo
Unit [%]
Time [ms],0.00,12.97,25.94,38.90,51.87,64.84,77.81,90.77,103.74,116.71,129.68,142.64,155.61,168.58,181.55,194.51,207.48,220.45,233.42,246.38,259.35,272.32,285.29,298.25,311.22,324.19,337.16,350.13,363.09,376.06,389.03,402.00,414.96,427.93,440.90,453.87,466.83,479.80,492.77,505.74,518.70,531.67,544.64,557.61,570.57,583.54,596.51,609.48,622.45,635.41,648.38,661.35,674.32,687.28,700.25,713.22,726.19,739.15,752.12,765.09,778.06,
Total,0.00,0.25,0.72,1.11,0.97,0.46,-0.31,-1.38,-2.57,-3.86,-5.21,-6.60,-7.92,-9.08,-10.16,-11.17,-12.20,-13.12,-14.05,-14.79,-15.61,-16.25,-17.07,-17.69,-18.21,-18.58,-18.75,-18.84,-18.77,-18.74,-18.75,-18.95,-18.94,-18.21,-17.20,-15.48,-13.74,-12.00,-10.49,-9.11,-7.89,-6.92,-6.24,-6.01,-5.97,-6.01,-5.93,-5.80,-5.65,-5.58,-5.53,-5.47,-5.42,-5.36,-5.32,-5.26,-5.03,-4.40,-3.20,-1.78,-0.59,

----------------------------------------------------------


Curves LvApical
==========================================================
Global Strain A3C Mid
Unit [%]
Time [ms],0.00,12.97,25.94,38.90,51.87,64.84,77.81,90.77,103.74,116.71,129.68,142.64,155.61,168.58,181.55,194.51,207.48,220.45,233.42,246.38,259.35,272.32,285.29,298.25,311.22,324.19,337.16,350.13,363.09,376.06,389.03,402.00,414.96,427.93,440.90,453.87,466.83,479.80,492.77,505.74,518.70,531.67,544.64,557.61,570.57,583.54,596.51,609.48,622.45,635.41,648.38,661.35,674.32,687.28,700.25,713.22,726.19,739.15,752.12,765.09,778.06,
Total,0.00,0.22,0.64,0.99,0.87,0.44,-0.21,-1.06,-1.98,-2.98,-4.04,-5.15,-6.19,-7.12,-7.98,-8.79,-9.63,-10.38,-11.15,-11.76,-12.43,-12.96,-13.65,-14.18,-14.62,-14.93,-15.06,-15.13,-15.07,-15.04,-15.05,-15.21,-15.21,-14.62,-13.79,-12.37,-10.93,-9.48,-8.23,-7.08,-6.08,-5.31,-4.78,-4.63,-4.63,-4.68,-4.61,-4.49,-4.34,-4.28,-4.23,-4.19,-4.15,-4.10,-4.07,-4.04,-3.87,-3.38,-2.44,-1.33,-0.42,

----------------------------------------------------------


Curves LvApical
==========================================================
Global Strain Rate A3C Endo
Unit [1/s]
Time [ms],0.00,12.97,25.94,38.90,51.87,64.84,77.81,90.77,103.74,116.71,129.68,142.64,155.61,168.58,181.55,194.51,207.48,220.45,233.42,246.38,259.35,272.32,285.29,298.25,311.22,324.19,337.16,350.13,363.09,376.06,389.03,402.00,414.96,427.93,440.90,453.87,466.83,479.80,492.77,505.74,518.70,531.67,544.64,557.61,570.57,583.54,596.51,609.48,622.45,635.41,648.38,661.35,674.32,687.28,700.25,713.22,726.19,739.15,752.12,765.09,778.06,
Total,0.16,0.28,0.38,0.11,-0.27,-0.50,-0.72,-0.88,-0.95,-1.02,-1.07,-1.05,-0.96,-0.86,-0.80,-0.79,-0.75,-0.72,-0.64,-0.60,-0.55,-0.56,-0.58,-0.43,-0.35,-0.20,-0.10,-0.00,0.05,0.02,-0.09,-0.13,0.28,0.67,1.07,1.38,1.36,1.26,1.11,1.01,0.85,0.65,0.35,0.08,-0.02,0.01,0.09,0.12,0.09,0.04,0.04,0.04,0.04,0.04,0.03,0.09,0.31,0.71,1.06,1.06,0.67,

----------------------------------------------------------


Curves LvApical
==========================================================
Global Strain Rate A3C Mid
Unit [1/s]
Time [ms],0.00,12.97,25.94,38.90,51.87,64.84,77.81,90.77,103.74,116.71,129.68,142.64,155.61,168.58,181.55,194.51,207.48,220.45,233.42,246.38,259.35,272.32,285.29,298.25,311.22,324.19,337.16,350.13,363.09,376.06,389.03,402.00,414.96,427.93,440.90,453.87,466.83,479.80,492.77,505.74,518.70,531.67,544.64,557.61,570.57,583.54,596.51,609.48,622.45,635.41,648.38,661.35,674.32,687.28,700.25,713.22,726.19,739.15,752.12,765.09,778.06,
Total,0.14,0.25,0.34,0.10,-0.23,-0.42,-0.58,-0.69,-0.74,-0.80,-0.84,-0.84,-0.76,-0.69,-0.64,-0.64,-0.61,-0.59,-0.53,-0.50,-0.46,-0.47,-0.49,-0.37,-0.29,-0.17,-0.08,0.01,0.04,0.01,-0.07,-0.11,0.23,0.55,0.88,1.14,1.12,1.05,0.92,0.83,0.69,0.52,0.26,0.04,-0.04,0.00,0.08,0.11,0.08,0.04,0.03,0.03,0.03,0.03,0.02,0.06,0.23,0.56,0.83,0.82,0.50,

----------------------------------------------------------


Curves LvApical
==========================================================
Global Strain A4C Endo
Unit [%]
Time [ms],0.00,12.97,25.94,38.90,51.87,64.84,77.81,90.77,103.74,116.71,129.68,142.64,155.61,168.58,181.55,194.51,207.48,220.45,233.42,246.38,259.35,272.32,285.29,298.25,311.22,324.19,337.16,350.13,363.09,376.06,389.03,402.00,414.96,427.93,440.90,453.87,466.83,479.80,492.77,505.74,518.70,531.67,544.64,557.61,570.57,583.54,596.51,609.48,622.45,635.41,648.38,661.35,674.32,687.28,700.25,713.22,726.19,739.15,752.12,765.09,778.06,
Total,0.00,0.13,0.11,-0.53,-1.41,-2.01,-2.35,-2.78,-3.47,-4.28,-5.09,-5.88,-6.70,-7.53,-8.41,-9.36,-10.40,-11.48,-12.47,-13.28,-14.02,-14.80,-15.58,-16.31,-16.95,-17.55,-18.04,-18.35,-18.54,-18.64,-18.75,-18.77,-18.77,-18.64,-18.56,-18.24,-17.37,-15.98,-14.47,-13.11,-11.77,-10.39,-9.08,-7.97,-7.14,-6.65,-6.48,-6.51,-6.64,-6.80,-6.95,-7.05,-7.11,-7.05,-6.75,-6.15,-5.15,-3.81,-2.35,-0.99,-0.07,

----------------------------------------------------------


Curves LvApical
==========================================================
Global Strain A4C Mid
Unit [%]
Time [ms],0.00,12.97,25.94,38.90,51.87,64.84,77.81,90.77,103.74,116.71,129.68,142.64,155.61,168.58,181.55,194.51,207.48,220.45,233.42,246.38,259.35,272.32,285.29,298.25,311.22,324.19,337.16,350.13,363.09,376.06,389.03,402.00,414.96,427.93,440.90,453.87,466.83,479.80,492.77,505.74,518.70,531.67,544.64,557.61,570.57,583.54,596.51,609.48,622.45,635.41,648.38,661.35,674.32,687.28,700.25,713.22,726.19,739.15,752.12,765.09,778.06,
Total,0.00,0.10,0.07,-0.48,-1.22,-1.72,-1.99,-2.33,-2.87,-3.51,-4.15,-4.79,-5.48,-6.18,-6.93,-7.74,-8.63,-9.56,-10.41,-11.11,-11.75,-12.42,-13.10,-13.73,-14.28,-14.80,-15.23,-15.50,-15.66,-15.74,-15.83,-15.83,-15.82,-15.71,-15.63,-15.36,-14.63,-13.46,-12.20,-11.06,-9.92,-8.73,-7.58,-6.61,-5.88,-5.46,-5.32,-5.35,-5.47,-5.62,-5.75,-5.84,-5.88,-5.83,-5.59,-5.10,-4.29,-3.18,-1.97,-0.83,-0.05,

----------------------------------------------------------


Curves LvApical
==========================================================
Global Strain Rate A4C Endo
Unit [1/s]
Time [ms],0.00,12.97,25.94,38.90,51.87,64.84,77.81,90.77,103.74,116.71,129.68,142.64,155.61,168.58,181.55,194.51,207.48,220.45,233.42,246.38,259.35,272.32,285.29,298.25,311.22,324.19,337.16,350.13,363.09,376.06,389.03,402.00,414.96,427.93,440.90,453.87,466.83,479.80,492.77,505.74,518.70,531.67,544.64,557.61,570.57,583.54,596.51,609.48,622.45,635.41,648.38,661.35,674.32,687.28,700.25,713.22,726.19,739.15,752.12,765.09,778.06,
Total,0.12,0.08,-0.25,-0.65,-0.60,-0.33,-0.26,-0.43,-0.60,-0.63,-0.61,-0.62,-0.64,-0.66,-0.70,-0.77,-0.83,-0.81,-0.69,-0.59,-0.58,-0.61,-0.59,-0.53,-0.48,-0.43,-0.31,-0.19,-0.10,-0.08,-0.05,-0.01,0.06,0.08,0.12,0.44,0.90,1.16,1.11,1.03,1.05,1.05,0.95,0.76,0.51,0.24,0.04,-0.07,-0.12,-0.12,-0.10,-0.07,-0.01,0.13,0.34,0.61,0.92,1.11,1.12,0.93,0.36,

----------------------------------------------------------


Curves LvApical
==========================================================
Global Strain Rate A4C Mid
Unit [1/s]
Time [ms],0.00,12.97,25.94,38.90,51.87,64.84,77.81,90.77,103.74,116.71,129.68,142.64,155.61,168.58,181.55,194.51,207.48,220.45,233.42,246.38,259.35,272.32,285.29,298.25,311.22,324.19,337.16,350.13,363.09,376.06,389.03,402.00,414.96,427.93,440.90,453.87,466.83,479.80,492.77,505.74,518.70,531.67,544.64,557.61,570.57,583.54,596.51,609.48,622.45,635.41,648.38,661.35,674.32,687.28,700.25,713.22,726.19,739.15,752.12,765.09,778.06,
Total,0.08,0.06,-0.21,-0.54,-0.50,-0.28,-0.21,-0.34,-0.47,-0.50,-0.49,-0.51,-0.54,-0.56,-0.60,-0.66,-0.71,-0.70,-0.59,-0.50,-0.50,-0.53,-0.51,-0.45,-0.41,-0.37,-0.27,-0.16,-0.09,-0.07,-0.04,-0.00,0.05,0.07,0.10,0.37,0.75,0.97,0.93,0.86,0.90,0.92,0.83,0.66,0.44,0.21,0.03,-0.07,-0.11,-0.11,-0.08,-0.06,-0.00,0.11,0.27,0.50,0.75,0.91,0.93,0.78,0.30,

----------------------------------------------------------


